% bbGt version=3
person 241 220 29 59 1 0 0 0 0 0 0 0
people 257 218 45 97 0 0 0 0 0 0 0 1
person 419 227 31 81 0 0 0 0 0 0 0 2
person 470 225 36 84 0 0 0 0 0 0 0 3
person 161 217 47 99 0 0 0 0 0 0 0 4
person 303 226 33 67 0 0 0 0 0 0 0 5
person 18 220 71 129 0 0 0 0 0 0 0 6
person 391 248 25 54 0 0 0 0 0 0 0 7
person 202 217 26 45 0 0 0 0 0 0 0 8
person 327 220 25 44 0 0 0 0 0 0 0 9
person 441 224 36 79 0 0 0 0 0 0 0 10
person 520 226 21 43 0 0 0 0 0 0 0 11
person 538 228 22 43 0 0 0 0 0 0 0 12
person 576 221 25 51 0 0 0 0 0 0 0 13
person 594 216 26 57 0 0 0 0 0 0 0 14
person 61 222 23 46 0 0 0 0 0 0 0 15
