% bbGt version=3
person 209 217 24 65 2 0 0 0 0 0 0 0
person 222 220 26 87 1 0 0 0 0 0 0 1
person 378 224 33 82 0 0 0 0 0 0 0 2
person 423 220 31 85 0 0 0 0 0 0 0 3
person 239 218 34 91 0 0 0 0 0 0 0 4
person 272 225 29 60 0 0 0 0 0 0 0 5
person 117 223 57 122 0 0 0 0 0 0 0 6
person 1 220 69 177 0 0 0 0 0 0 0 7
people 455 214 73 44 0 0 0 0 0 0 0 8
person 344 253 27 46 0 0 0 0 0 0 0 9
person 401 223 33 74 0 0 0 0 0 0 0 10
people 83 220 31 48 0 0 0 0 0 0 0 11
person 167 220 24 43 0 0 0 0 0 0 0 12
person 301 219 20 47 0 0 0 0 0 0 0 13
person 318 218 22 48 0 0 0 0 0 0 0 14
person 528 223 22 48 0 0 0 0 0 0 0 15
person 550 226 23 46 0 0 0 0 0 0 0 16
person 573 222 20 43 0 0 0 0 0 0 0 17
person 587 219 25 52 0 0 0 0 0 0 0 18
person 618 224 21 47 0 0 0 0 0 0 0 19
