% bbGt version=3
person 78 222 26 49 2 0 0 0 0 0 0 0
person 187 220 28 68 2 0 0 0 0 0 0 1
person 222 218 33 74 0 0 0 0 0 0 0 2
person 109 222 25 54 0 0 0 0 0 0 0 3
person 436 222 34 123 1 0 0 0 0 0 0 4
person 57 231 39 101 0 0 0 0 0 0 0 5
person 398 229 35 100 0 0 0 0 0 0 0 6
person 140 222 32 77 0 0 0 0 0 0 0 7
person 540 231 31 61 0 0 0 0 0 0 0 8
person 602 227 24 57 0 0 0 0 0 0 0 9
people 563 219 45 51 0 0 0 0 0 0 0 10
person 500 222 18 48 0 0 0 0 0 0 0 11
person 511 222 15 49 0 0 0 0 0 0 0 12
person 523 219 19 54 0 0 0 0 0 0 0 13
person 356 220 23 53 0 0 0 0 0 0 0 14
person 252 222 25 60 0 0 0 0 0 0 0 15
person 269 220 27 64 1 0 0 0 0 0 0 16
people 28 216 36 56 0 0 0 0 0 0 0 17
person 168 222 21 45 0 0 0 0 0 0 0 18
person 460 231 41 118 0 0 0 0 0 0 0 19
