% bbGt version=3
person 25 218 29 57 0 0 0 0 0 0 0 0
person 128 220 28 70 0 0 0 0 0 0 0 1
person 159 217 28 75 0 0 0 0 0 0 0 2
person 481 215 24 47 0 0 0 0 0 0 0 3
person 67 223 26 56 0 0 0 0 0 0 0 4
person 245 223 47 122 0 0 0 0 0 0 0 5
person 221 217 30 69 2 0 0 0 0 0 0 6
person 489 233 52 132 2 0 0 0 0 0 0 7
person 2 235 57 144 0 0 0 0 0 0 0 8
person 450 225 30 68 0 0 0 0 0 0 0 9
person 273 226 36 89 0 0 0 0 0 0 0 10
person 618 219 21 57 0 0 0 0 0 0 0 11
person 590 218 21 41 0 0 0 0 0 0 0 12
person 527 221 35 100 0 0 0 0 0 0 0 13
person 560 230 32 85 1 0 0 0 0 0 0 14
person 516 224 25 71 2 0 0 0 0 0 0 15
person 315 221 26 51 0 0 0 0 0 0 0 16
person 101 225 25 35 0 0 0 0 0 0 0 17
person 182 221 22 65 0 0 0 0 0 0 0 18
person 206 220 22 62 0 0 0 0 0 0 0 19
