% bbGt version=3
person 46 219 29 59 0 0 0 0 0 0 0 0
person 82 218 32 67 1 0 0 0 0 0 0 1
person 533 239 39 107 1 0 0 0 0 0 0 2
person 119 220 31 76 0 0 0 0 0 0 0 3
person 199 223 57 134 0 0 0 0 0 0 0 4
person 464 250 67 123 0 0 0 0 0 0 0 5
person 76 229 84 137 0 0 0 0 0 0 0 6
person 307 227 27 62 0 0 0 0 0 0 0 7
person 153 221 37 77 0 0 0 0 0 0 0 8
person 409 224 26 52 0 0 0 0 0 0 0 9
person 25 217 25 58 0 0 0 0 0 0 0 10
person 5 218 26 54 0 0 0 0 0 0 0 11
person 327 222 26 65 0 0 0 0 0 0 0 12
person 425 220 23 57 0 0 0 0 0 0 0 13
person 438 220 26 52 1 0 0 0 0 0 0 14
person 468 211 73 59 0 0 0 0 0 0 0 15
person 551 224 24 55 1 0 0 0 0 0 0 16
person 569 219 23 66 0 0 0 0 0 0 0 17
person 600 222 26 74 1 0 0 0 0 0 0 18
person 619 222 21 66 1 0 0 0 0 0 0 19
person 586 225 22 49 0 0 0 0 0 0 0 20
