% bbGt version=3
people 217 223 33 86 0 0 0 0 0 0 0 0
person 181 228 27 82 0 0 0 0 0 0 0 1
person 430 224 25 57 0 0 0 0 0 0 0 2
person 464 232 23 48 0 0 0 0 0 0 0 3
person 495 226 25 47 2 0 0 0 0 0 0 4
person 612 220 23 76 0 0 0 0 0 0 0 5
person 594 219 22 59 0 0 0 0 0 0 0 6
person 259 223 20 39 0 0 0 0 0 0 0 7
person 271 219 16 42 0 0 0 0 0 0 0 8
people 324 220 57 32 0 0 0 0 0 0 0 9
person 385 225 20 40 1 0 0 0 0 0 0 10
person 402 227 17 40 0 0 0 0 0 0 0 11
person 414 226 17 42 0 0 0 0 0 0 0 12
