% bbGt version=3
person 109 217 25 62 0 0 0 0 0 0 0 0
person 128 220 28 71 0 0 0 0 0 0 0 1
person 253 219 32 83 0 0 0 0 0 0 0 2
person 295 218 33 88 2 0 0 0 0 0 0 3
person 423 223 36 77 0 0 0 0 0 0 0 4
person 160 220 34 66 0 0 0 0 0 0 0 5
person 300 218 57 145 0 0 0 0 0 0 0 6
person 21 217 39 103 0 0 0 0 0 0 0 7
people 447 217 77 57 0 0 0 0 0 0 0 8
person 193 244 25 48 0 0 0 0 0 0 0 9
person 336 224 46 102 0 0 0 0 0 0 0 10
person 530 218 23 46 1 0 0 0 0 0 0 11
people 563 219 76 86 0 0 0 0 0 0 0 12
people 223 221 29 45 0 0 0 0 0 0 0 13
person 66 216 22 46 0 0 0 0 0 0 0 14
person 82 217 21 46 0 0 0 0 0 0 0 15
