% bbGt version=3
person 105 220 26 67 2 0 0 0 0 0 0 0
person 215 218 33 79 1 0 0 0 0 0 0 1
person 256 215 32 83 0 0 0 0 0 0 0 2
person 454 224 30 71 0 0 0 0 0 0 0 3
person 124 212 29 71 0 0 0 0 0 0 0 4
people 379 220 62 139 0 0 0 0 0 0 0 5
person 477 221 56 118 0 0 0 0 0 0 0 6
person 81 214 37 98 0 0 0 0 0 0 0 7
person 587 226 30 57 0 0 0 0 0 0 0 8
person 159 245 26 38 0 0 0 0 0 0 0 9
person 57 210 26 46 0 0 0 0 0 0 0 10
person 40 217 22 46 0 0 0 0 0 0 0 11
person 18 217 27 45 0 0 0 0 0 0 0 12
person 192 218 24 48 0 0 0 0 0 0 0 13
people 280 219 34 65 0 0 0 0 0 0 0 14
person 305 220 29 49 0 0 0 0 0 0 0 15
person 617 227 23 50 0 0 0 0 0 0 0 16
person 568 220 22 47 0 0 0 0 0 0 0 17
person 554 227 20 45 0 0 0 0 0 0 0 18
