% bbGt version=3
person 171 215 25 66 2 0 0 0 0 0 0 0
person 184 219 30 85 0 0 0 0 0 0 0 1
person 341 221 30 85 0 0 0 0 0 0 0 2
person 378 220 33 89 0 0 0 0 0 0 0 3
person 300 220 32 83 0 0 0 0 0 0 0 4
person 237 220 28 67 1 0 0 0 0 0 0 5
person 209 218 40 126 0 0 0 0 0 0 0 6
person 108 216 65 159 0 0 0 0 0 0 0 7
people 453 215 78 50 0 0 0 0 0 0 0 8
person 286 247 29 52 0 0 0 0 0 0 0 9
person 362 222 25 77 1 0 0 0 0 0 0 10
person 21 206 25 42 1 0 0 0 0 0 0 11
person 42 208 30 43 0 0 0 0 0 0 0 12
person 96 221 28 57 2 0 0 0 0 0 0 13
person 538 224 26 53 0 0 0 0 0 0 0 14
person 562 226 26 47 0 0 0 0 0 0 0 15
person 584 218 25 53 0 0 0 0 0 0 0 16
person 602 219 22 57 0 0 0 0 0 0 0 17
person 620 216 20 61 0 0 0 0 0 0 0 18
