% bbGt version=3
person 80 220 34 61 0 0 0 0 0 0 0 0
person 460 236 69 139 0 0 0 0 0 0 0 1
people 461 212 70 56 0 0 0 0 0 0 0 2
person 210 227 22 53 0 0 0 0 0 0 0 3
person 104 220 33 60 0 0 0 0 0 0 0 4
person 243 220 28 49 0 0 0 0 0 0 0 5
person 222 223 25 51 1 0 0 0 0 0 0 6
person 393 218 26 58 0 0 0 0 0 0 0 7
person 600 221 26 68 1 0 0 0 0 0 0 8
person 620 227 20 60 1 0 0 0 0 0 0 9
person 67 220 25 54 0 0 0 0 0 0 0 10
person 50 238 22 36 0 0 0 0 0 0 0 11
person 33 214 29 62 0 0 0 0 0 0 0 12
person 7 223 29 77 0 0 0 0 0 0 0 13
