% bbGt version=3
person 21 217 31 65 0 0 0 0 0 0 0 0
person 58 212 28 67 2 0 0 0 0 0 0 1
person 116 220 25 63 2 0 0 0 0 0 0 2
person 120 231 57 119 0 0 0 0 0 0 0 3
person 200 226 78 144 0 0 0 0 0 0 0 4
person 270 229 26 56 0 0 0 0 0 0 0 5
person 143 223 31 68 0 0 0 0 0 0 0 6
person 379 219 21 55 0 0 0 0 0 0 0 7
person 359 220 24 55 0 0 0 0 0 0 0 8
person 288 224 23 60 0 0 0 0 0 0 0 9
person 70 215 29 71 0 0 0 0 0 0 0 10
person 92 222 26 62 0 0 0 0 0 0 0 11
person 438 220 23 52 0 0 0 0 0 0 0 12
person 562 223 24 67 0 0 0 0 0 0 0 13
person 583 220 26 67 0 0 0 0 0 0 0 14
person 611 225 25 72 1 0 0 0 0 0 0 15
person 542 221 22 42 0 0 0 0 0 0 0 16
people 469 215 63 57 0 0 0 0 0 0 0 17
