% bbGt version=3
person 128 224 25 51 0 0 0 0 0 0 0 0
person 35 217 30 56 0 0 0 0 0 0 0 1
person 55 222 27 49 0 0 0 0 0 0 0 2
person 393 221 28 47 0 0 0 0 0 0 0 3
person 427 220 22 49 0 0 0 0 0 0 0 4
person 96 220 25 47 0 0 0 0 0 0 0 5
person 143 221 22 51 1 0 0 0 0 0 0 6
person 470 220 20 51 0 0 0 0 0 0 0 7
person 483 218 21 49 0 0 0 0 0 0 0 8
person 451 213 16 40 0 0 0 0 0 0 0 9
person 515 222 22 54 0 0 0 0 0 0 0 10
person 530 221 21 48 0 0 0 0 0 0 0 11
person 580 221 23 51 0 0 0 0 0 0 0 12
person 612 220 20 46 1 0 0 0 0 0 0 13
